750
22
775
441
649
734
75
616
971
286
103
439
923
556
959
627
723
499
532
743
73
931
354
334
506
730
736
316
889
966
843
874
460
784
654
865
669
282
303
379
493
826
100
74
639
647
500
906
48
935
694
722
978
592
43
122
141
994
193
374
655
425
194
467
815
964
605
516
268
435
677
820
109
997
998
761
24
260
767
867
520
621
678
747
955
219
741
611
348
702
888
706
896
936
803
764
713
604
663
251
596
567
23
370
159
646
766
205
989
378
70
456
28
176
614
7
963
4
823
844
948
346
819
679
854
565
732
283
746
170
893
626
629
812
887
724
189
56
680
602
25
855
255
247
917
642
192
1
914
448
107
340
778
332
387
17
136
315
975
14
112
938
479
296
166
504
942
541
235
519
822
742
951
570
241
391
908
712
431
575
970
829
878
852
208
38
203
21
860
5
652
645
569
515
230
606
13
905
463
727
613
842
790
220
745
451
406
210
245
148
777
209
420
895
787
691
317
357
351
258
688
907
347
98
140
308
358
233
733
364
473
360
397
950
276
42
491
333
430
507
531
313
899
239
738
446
89
924
261
472
302
505
63
839
178
279
704
174
848
381
538
196
436
584
412
785
186
299
804
293
110
780
164
875
486
690
325
644
309
536
34
433
41
77
983
312
177
477
559
831
802
139
550
429
326
667
658
809
921
821
807
574
508
539
423
756
121
201
791
540
377
274
869
514
222
480
976
319
656
342
29
719
440
362
142
933
356
992
641
489
323
135
16
850
275
533
728
925
211
287
113
597
33
361
277
254
718
640
352
45
298
754
926
776
671
328
393
859
772
692
267
457
886
708
672
184
755
811
78
442
213
693
849
851
212
229
576
560
216
468
502
830
594
132
311
944
768
145
591
863
232
593
400
748
526
939
786
60
9
509
557
707
462
81
450
281
228
87
561
272
987
369
554
240
453
799
265
483
154
35
682
396
845
623
225
836
922
880
284
411
292
648
962
421
125
111
92
90
314
39
404
546
181
900
972
329
202
106
757
687
380
530
120
638
913
320
11
62
3
650
555
986
610
367
792
969
300
827
305
149
167
877
890
349
389
278
127
217
864
301
488
729
549
588
551
870
485
19
197
725
416
779
739
497
954
187
50
294
179
771
83
0 2
6 8
10 12
15 18
20 26
27 30
31 32
36 37
40 44
46 47
49 51
52 53
54 55
57 58
59 61
64 65
66 67
68 69
71 72
76 79
80 82
84 85
86 88
91 93
94 95
96 97
99 101
102 104
105 108
114 115
116 117
118 119
123 124
126 128
129 130
131 133
134 137
138 143
144 146
147 150
151 152
153 155
156 157
158 160
161 162
163 165
168 169
171 172
173 175
180 182
183 185
188 190
191 195
198 199
200 204
206 207
214 215
218 221
223 224
226 227
231 234
236 237
238 242
243 244
246 248
249 250
252 253
256 257
259 262
263 264
266 269
270 271
273 280
285 288
289 290
291 295
297 304
306 307
310 318
321 322
324 327
330 331
335 336
337 338
339 341
343 344
345 350
353 355
359 363
365 366
368 371
372 373
375 376
382 383
384 385
386 388
390 392
394 395
398 399
401 402
403 405
407 408
409 410
413 414
415 417
418 419
422 424
426 427
428 432
434 437
438 443
444 445
447 449
452 454
455 458
459 461
464 465
466 469
470 471
474 475
476 478
481 482
484 487
490 492
494 495
496 498
501 503
510 511
512 513
517 518
521 522
523 524
525 527
528 529
534 535
537 542
543 544
545 547
548 552
553 558
562 563
564 566
568 571
572 573
577 578
579 580
581 582
583 585
586 587
589 590
595 598
599 600
601 603
607 608
609 612
615 617
618 619
620 622
624 625
628 630
631 632
633 634
635 636
637 643
651 653
657 659
660 661
662 664
665 666
668 670
673 674
675 676
681 683
684 685
686 689
695 696
697 698
699 700
701 703
705 709
710 711
714 715
716 717
720 721
726 731
735 737
740 744
749 750
751 752
753 758
759 760
762 763
765 769
770 773
774 781
782 783
788 789
793 794
795 796
797 798
800 801
805 806
808 810
813 814
816 817
818 824
825 828
832 833
834 835
837 838
840 841
846 847
853 856
857 858
861 862
866 868
871 872
873 876
879 881
882 883
884 885
891 892
894 897
898 901
902 903
904 909
910 911
912 915
916 918
919 920
927 928
929 930
932 934
937 940
941 943
945 946
947 949
952 953
956 957
958 960
961 965
967 968
973 974
977 979
980 981
982 984
985 988
990 991
993 995
996 999
